id,EAP,HPL,MWS
id02310,0.0645,0.0049,0.9305
id24541,0.9614,0.0299,0.0087
id00134,0.0133,0.9816,0.0051
id27757,0.722,0.2706,0.0074
id04081,0.6571,0.2492,0.0937
id27337,0.9871,0.0126,0.0003
id24265,0.9716,0.0184,0.01
id25917,0.0067,0.0253,0.968
id04951,0.9948,0.0052,0.0001
id14549,0.6021,0.2457,0.1522
id22505,0.0543,0.0078,0.9379
id24002,0.0012,0.9973,0.0015
id18982,0.398,0.2615,0.3405
id15181,0.0096,0.9891,0.0012
id21888,0.9077,0.0173,0.075
id12035,0.0017,0.0002,0.9982
id17991,0.0532,0.0033,0.9435
id10707,1.0,0.0,0.0
id07101,0.3559,0.1302,0.5139
id00345,0.4472,0.5331,0.0197
id05912,0.9268,0.0168,0.0563
id13443,0.986,0.004,0.01
id09248,0.3544,0.016,0.6295
id17542,0.0063,0.9827,0.011
id06995,0.0156,0.0019,0.9826
id25159,0.8038,0.0364,0.1598
id25729,0.1771,0.794,0.0289
id26949,0.9643,0.0291,0.0066
id27191,0.0286,0.0014,0.97
id07668,0.1531,0.0016,0.8453
id02230,0.0366,0.319,0.6443
id15553,0.9995,0.0001,0.0004
id25688,0.0022,0.9933,0.0045
id17545,0.993,0.0029,0.0041
id13929,0.1796,0.1319,0.6886
id12880,0.4354,0.332,0.2325
id19282,0.6188,0.1863,0.1949
id14690,0.001,0.0006,0.9984
id17975,0.0268,0.9566,0.0165
id08037,0.9902,0.0015,0.0082
id15412,0.0628,0.0045,0.9327
id25032,0.4191,0.0533,0.5276
id27165,0.9994,0.0003,0.0003
id03327,0.6472,0.1294,0.2234
id18515,0.8659,0.0584,0.0757
id21003,0.1403,0.0239,0.8358
id23855,0.0038,0.8714,0.1248
id20724,0.9067,0.0835,0.0098
id13303,0.3341,0.1366,0.5292
id16521,0.0055,0.661,0.3335
id20775,0.9989,0.001,0.0002
id13029,0.9694,0.0147,0.0158
id14660,0.3931,0.5675,0.0394
id11028,0.0201,0.0009,0.979
id14180,0.9359,0.0482,0.0159
id25860,0.9945,0.0007,0.0048
id11910,0.6336,0.0235,0.3429
id08065,0.0708,0.0291,0.9
id22674,0.0311,0.002,0.9669
id25018,0.2576,0.0142,0.7282
id10892,0.0431,0.9496,0.0073
id10217,0.7212,0.2736,0.0052
id12996,0.2829,0.1353,0.5818
id18262,0.5788,0.1326,0.2886
id08606,0.0043,0.9925,0.0033
id17233,0.8873,0.0701,0.0426
id00101,0.5924,0.3714,0.0362
id12225,0.9765,0.0171,0.0064
id01364,0.0096,0.983,0.0074
id24973,0.9167,0.0073,0.0761
id25363,0.5926,0.0017,0.4058
id10061,0.5026,0.0229,0.4745
id17673,0.0797,0.9112,0.009
id13249,0.0657,0.0228,0.9115
id10107,0.0281,0.0076,0.9643
id04403,0.9421,0.0007,0.0571
id25728,0.8561,0.0214,0.1225
id16184,0.0658,0.0191,0.9151
id03438,0.0098,0.0008,0.9894
id22923,0.0123,0.9869,0.0007
id08610,0.9996,0.0002,0.0002
id25355,0.0077,0.0025,0.9897
id16916,0.5273,0.4123,0.0604
id12793,0.028,0.9651,0.0069
id11859,0.5802,0.0582,0.3615
id02434,0.9998,0.0,0.0002
id27703,0.0014,0.0001,0.9985
id25212,0.2053,0.7613,0.0335
id11308,0.0328,0.0811,0.8861
id26094,0.9909,0.0057,0.0033
id22080,0.962,0.0349,0.0031
id03545,0.9988,0.0011,0.0001
id23725,0.0057,0.0007,0.9936
id12009,0.4768,0.239,0.2842
id24241,0.0334,0.6986,0.2681
id03596,0.0046,0.9937,0.0017
id10749,0.3414,0.588,0.0706
id22794,0.0144,0.0047,0.9809
id15482,0.34,0.6,0.06
id04833,0.95,0.0391,0.0109
id00397,0.0054,0.0001,0.9946
id14691,0.0063,0.0053,0.9884
id05193,0.3208,0.0423,0.6369
id19541,0.9416,0.0173,0.0411
id22166,0.0026,0.0017,0.9957
id20744,0.0162,0.0007,0.9831
id10392,0.0016,0.0024,0.9961
id00770,0.9832,0.0129,0.004
id06018,0.6153,0.3544,0.0304
id15678,0.6691,0.0207,0.3101
id08305,0.9178,0.0677,0.0145
id08903,0.0741,0.0159,0.9101
id14752,0.4108,0.5799,0.0093
id12468,0.1389,0.8524,0.0087
id05085,0.8482,0.1406,0.0112
id21993,0.201,0.0359,0.7631
id15503,0.8983,0.0373,0.0644
id03021,0.0008,0.998,0.0012
id16123,0.9992,0.0005,0.0004
id19383,0.9272,0.0374,0.0354
id04186,0.9927,0.0002,0.0071
id17954,0.0175,0.0005,0.9821
id12030,0.0917,0.0052,0.9031
id13020,0.9785,0.0105,0.011
id25327,0.004,0.9232,0.0728
id16344,0.2484,0.1881,0.5635
id12303,0.0485,0.9376,0.0139
id15017,0.9947,0.0047,0.0005
id22308,0.2177,0.0238,0.7584
id06536,0.001,0.0022,0.9968
id19797,0.1074,0.8669,0.0258
id06332,0.5921,0.2778,0.1301
id22941,0.032,0.0291,0.9389
id13547,0.0079,0.004,0.9881
id06928,0.0029,0.0006,0.9965
id12521,0.7514,0.2127,0.0358
id25716,0.9399,0.0058,0.0543
id27116,0.0099,0.0001,0.99
id19941,0.0523,0.8543,0.0934
id05711,0.0003,0.0001,0.9997
id02097,0.0061,0.0081,0.9858
id03563,0.0346,0.9539,0.0115
id02295,0.0908,0.8961,0.0131
id08179,0.9999,0.0,0.0
id05332,0.0517,0.7768,0.1715
id15697,0.7749,0.021,0.2041
id17026,0.0378,0.0063,0.9559
id04243,0.8443,0.0298,0.1259
id13175,0.9998,0.0001,0.0001
id05387,0.9496,0.0206,0.0298
id19989,0.9213,0.0438,0.0349
id25173,0.1614,0.0074,0.8312
id08925,0.0016,0.9974,0.001
id03034,0.007,0.9092,0.0838
id13272,0.0068,0.9874,0.0058
id07956,0.9569,0.0016,0.0415
id02648,0.0153,0.0079,0.9769
id01778,0.1001,0.0063,0.8936
id12846,0.0009,0.0001,0.999
id19001,0.0811,0.0351,0.8838
id05763,0.5693,0.0515,0.3791
id15590,0.0015,0.0002,0.9984
id04912,0.7789,0.0839,0.1372
id21201,0.8002,0.1421,0.0577
id13215,0.9709,0.0012,0.028
id15612,0.4071,0.5573,0.0356
id18501,0.0622,0.0421,0.8957
id07223,0.8087,0.1571,0.0342
id06707,0.4214,0.1514,0.4271
id05238,0.0012,0.9986,0.0003
id00935,0.0095,0.11,0.8806
id00110,0.8945,0.0035,0.102
id17476,0.8727,0.1142,0.0131
id15170,0.9998,0.0002,0.0001
id13397,0.1692,0.3119,0.5189
id24283,0.5851,0.0864,0.3285
id15234,0.8595,0.1338,0.0067
id16884,0.6216,0.2531,0.1254
id07831,0.518,0.3219,0.1601
id16038,0.8736,0.1159,0.0105
id03629,0.9666,0.0117,0.0217
id21019,0.8363,0.125,0.0388
id21835,0.5541,0.1324,0.3135
id04480,0.2947,0.7046,0.0007
id20838,0.7652,0.1876,0.0471
id24195,0.596,0.1834,0.2206
id05448,0.8801,0.0637,0.0562
id15957,0.1346,0.8564,0.009
id19956,0.0012,0.0002,0.9986
id15104,0.0116,0.0172,0.9711
id17559,0.6713,0.2333,0.0954
id16839,0.1245,0.1266,0.7489
id14493,0.733,0.1325,0.1346
id08833,0.6324,0.0127,0.3548
id15723,0.1657,0.0085,0.8258
id02716,0.9889,0.0014,0.0098
id06689,0.0681,0.8867,0.0452
id18837,0.6125,0.1261,0.2615
id04466,0.9597,0.0249,0.0154
id00686,0.751,0.0333,0.2157
id09010,0.0461,0.9473,0.0066
id23353,0.9093,0.0134,0.0774
id00066,0.759,0.208,0.033
id15724,0.0315,0.9507,0.0178
id23486,0.0642,0.0054,0.9303
id22258,0.003,0.0048,0.9921
id02292,0.7708,0.2045,0.0247
id16356,0.4047,0.0199,0.5754
id00235,0.9428,0.0007,0.0564
id25522,0.0299,0.0022,0.968
id04204,0.1033,0.8868,0.0098
id22016,0.7266,0.074,0.1994
id06480,0.0285,0.9305,0.041
id08718,0.0525,0.0009,0.9466
id05251,0.0004,0.999,0.0006
id03359,0.9311,0.0269,0.0421
id16117,0.0332,0.0004,0.9664
id17000,0.0007,0.9987,0.0006
id01730,0.0195,0.9754,0.0051
id00630,0.7962,0.1827,0.0211
id18175,0.0903,0.0027,0.907
id00907,0.9552,0.0177,0.027
id18251,0.092,0.8967,0.0113
id25861,0.4642,0.4885,0.0472
id00398,0.8613,0.101,0.0378
id27573,0.9967,0.0003,0.003
id10022,0.0231,0.6751,0.3017
id15901,0.1104,0.0021,0.8875
id00451,0.0751,0.0207,0.9042
id23129,0.002,0.9969,0.0011
id26498,0.189,0.7456,0.0654
id14741,0.3173,0.4846,0.1981
id18453,0.0691,0.0269,0.904
id08309,0.8838,0.0901,0.0261
id00320,1.0,0.0,0.0
id07688,0.1868,0.0324,0.7808
id01556,0.0118,0.0028,0.9854
id00178,0.2922,0.0512,0.6565
id18902,0.035,0.0189,0.9461
id27002,0.5811,0.4043,0.0146
id21418,0.9999,0.0001,0.0
id23018,0.0164,0.0708,0.9128
id07032,0.3578,0.0248,0.6174
id16195,0.6261,0.1218,0.2521
id11202,0.0269,0.9684,0.0046
id09578,0.7194,0.0257,0.2549
id26984,0.8635,0.0098,0.1267
id19856,0.0245,0.9743,0.0012
id12086,0.0943,0.0313,0.8745
id12052,0.0447,0.0056,0.9497
id17728,0.0095,0.0126,0.9779
id24608,0.1793,0.0038,0.8168
id21097,0.0598,0.0324,0.9079
id20179,0.0004,0.0,0.9996
id15144,0.2192,0.5987,0.1821
id00206,0.9387,0.0309,0.0304
id22285,0.0018,0.0012,0.997
id06417,0.0691,0.6537,0.2772
id00215,0.2469,0.7386,0.0145
id04201,0.4087,0.003,0.5883
id21771,0.9834,0.0106,0.0059
id12451,0.0053,0.1919,0.8027
id14250,0.112,0.5993,0.2887
id03433,0.1684,0.8037,0.0278
id03303,0.038,0.0018,0.9602
id25901,0.2256,0.3156,0.4588
id06945,0.3359,0.0317,0.6324
id05664,0.6737,0.2391,0.0872
id05741,0.9994,0.0,0.0006
id10652,0.9384,0.024,0.0376
id16300,0.8672,0.0249,0.1078
id12319,0.7155,0.1665,0.118
id07500,0.102,0.8955,0.0025
id12478,0.7519,0.2088,0.0393
id03076,0.0681,0.0022,0.9296
id00969,0.7057,0.1974,0.0969
id23636,0.0201,0.9677,0.0122
id09791,0.09,0.1036,0.8063
id05680,0.0313,0.7528,0.2159
id03672,0.0617,0.7209,0.2174
id04286,0.0122,0.8029,0.1849
id23883,0.0216,0.2019,0.7765
id11914,0.2194,0.011,0.7696
id20974,0.0215,0.9706,0.0078
id26125,0.0807,0.0229,0.8964
id15543,0.1849,0.0038,0.8113
id19471,0.9998,0.0001,0.0001
id11503,0.6722,0.1092,0.2186
id09321,0.014,0.8681,0.1179
id25560,0.0003,0.0011,0.9986
id06726,0.8056,0.0793,0.115
id05709,0.9784,0.0017,0.0199
id09788,0.1052,0.4346,0.4602
id05289,0.9999,0.0001,0.0
id11815,0.0048,0.9893,0.006
id22422,0.9226,0.0502,0.0272
id25954,0.9917,0.0029,0.0054
id13601,0.95,0.0273,0.0226
id05677,0.8959,0.0024,0.1017
id10498,0.0752,0.9229,0.0019
id02665,0.743,0.2226,0.0345
id10114,0.501,0.1953,0.3037
id26314,0.7843,0.1811,0.0345
id21240,0.2079,0.1884,0.6038
id15569,0.9102,0.0426,0.0472
id25928,0.0519,0.0849,0.8632
id22706,0.0118,0.9867,0.0015
id20877,0.0121,0.8736,0.1143
id04318,0.923,0.0126,0.0643
id18299,0.1097,0.6368,0.2535
id08126,0.0346,0.002,0.9634
id14293,0.4261,0.0042,0.5698
id12759,0.9927,0.001,0.0063
id11983,0.2438,0.0623,0.6939
id05580,0.0794,0.8593,0.0613
id25846,0.4157,0.2028,0.3815
id01939,0.7831,0.0655,0.1515
id26327,0.0285,0.8321,0.1394
id11068,0.0011,0.0006,0.9983
id08404,0.9821,0.0015,0.0163
id27189,0.3965,0.6004,0.0031
id15119,0.0415,0.906,0.0525
id26525,0.9966,0.0004,0.003
id03618,0.9664,0.0185,0.0151
id27220,0.9962,0.0024,0.0014
id18777,0.0086,0.0016,0.9898
id20213,0.976,0.0152,0.0088
id20403,0.9831,0.0127,0.0042
id03777,0.0338,0.0302,0.936
id10595,0.1928,0.7725,0.0347
id13816,0.4374,0.0281,0.5345
id05667,0.0164,0.0043,0.9793
id24629,0.789,0.0257,0.1853
id20398,0.2745,0.039,0.6865
id14108,0.0004,0.0002,0.9994
id06196,0.003,0.9963,0.0007
id02800,0.3751,0.5924,0.0325
id18732,0.0004,0.9987,0.0009
id11915,0.2733,0.3222,0.4045
id09739,0.9179,0.0254,0.0567
id24672,0.9934,0.0039,0.0027
id00414,0.0003,0.0015,0.9982
id16307,0.9838,0.0087,0.0075
id14043,0.0588,0.0054,0.9358
id00517,0.0004,0.0,0.9996
id09744,0.9975,0.0017,0.0008
id19257,0.9004,0.0211,0.0786
id15437,0.6111,0.3589,0.03
id16352,0.0117,0.0088,0.9795
id18849,0.8089,0.0756,0.1155
id19434,0.0001,0.9998,0.0001
id17928,0.0302,0.0185,0.9513
id16896,0.0108,0.0048,0.9844
id02135,0.3198,0.2821,0.3981
id15075,0.9893,0.0026,0.0081
id27486,0.0055,0.9929,0.0016
id19422,0.9679,0.0284,0.0037
id09603,0.11,0.6625,0.2275
id02133,0.0274,0.9551,0.0175
id03441,0.5589,0.042,0.399
id02398,0.0069,0.9918,0.0013
id05152,0.4835,0.0038,0.5127
id17838,0.0603,0.0023,0.9374
id25060,0.9986,0.0011,0.0003
id09998,0.0317,0.0115,0.9568
id01828,0.0694,0.9168,0.0138
id25377,0.3658,0.0134,0.6208
id22175,0.2217,0.7707,0.0076
id02974,0.036,0.0221,0.9419
id26955,0.9963,0.0032,0.0005
id21091,0.9279,0.0135,0.0586
id12802,0.8923,0.0978,0.0099
id07432,0.0004,0.9983,0.0013
id18749,0.0672,0.8804,0.0524
id15030,0.001,0.0022,0.9968
id17155,0.0127,0.9867,0.0006
id08128,0.0331,0.9554,0.0115
id25706,0.0237,0.9224,0.0539
id15645,0.9815,0.0159,0.0026
id04943,0.6514,0.0374,0.3113
id27566,0.0034,0.0011,0.9955
id11765,0.1216,0.0883,0.7901
id13783,0.4269,0.3485,0.2246
id00492,0.0013,0.0013,0.9974
id27636,0.0821,0.0211,0.8968
id04273,0.9281,0.0427,0.0293
id02537,0.159,0.0655,0.7755
id24349,0.8077,0.1867,0.0056
id00023,0.0003,0.9987,0.0011
id23025,0.2093,0.7144,0.0762
id08722,0.9333,0.003,0.0637
id02420,0.9995,0.0004,0.0001
id10811,0.9945,0.0017,0.0037
id04019,0.0019,0.0012,0.9969
id18334,0.97,0.0243,0.0057
id16781,0.1835,0.7971,0.0195
id08773,0.8958,0.0987,0.0055
id19214,0.9744,0.0073,0.0182
id09589,0.0038,0.9765,0.0196
id24246,0.8209,0.0327,0.1464
id23577,0.7333,0.2545,0.0122
id09305,0.7775,0.0186,0.2039
id16460,0.0737,0.0178,0.9084
id21115,0.5402,0.2107,0.249
id25996,0.0766,0.4608,0.4627
id02551,0.0021,0.0022,0.9957
id19352,0.0089,0.0,0.9911
id03806,0.0827,0.028,0.8893
id26544,0.988,0.0025,0.0095
id18761,0.9379,0.036,0.0261
id24148,0.1173,0.8735,0.0093
id16095,0.0567,0.9157,0.0276
id18442,0.8445,0.0519,0.1036
id22596,0.0002,0.0,0.9998
id23002,0.0442,0.0053,0.9505
id04797,0.9962,0.0014,0.0024
id06610,0.2205,0.011,0.7684
id16173,0.4441,0.4749,0.081
id18292,0.0268,0.003,0.9703
id27328,0.9754,0.0014,0.0231
id01695,0.0069,0.9841,0.009
id05761,0.1128,0.0021,0.8851
id16354,0.9256,0.0034,0.071
id12207,0.0073,0.3097,0.683
id05665,0.0524,0.014,0.9336
id01911,0.9474,0.0465,0.0061
id19153,0.0662,0.0087,0.9251
id10295,0.4456,0.4044,0.1501
id23038,0.7744,0.1807,0.0449
id23783,0.2466,0.75,0.0034
id27879,0.9588,0.0211,0.02
id19190,0.0038,0.9959,0.0002
id05065,0.9805,0.0154,0.0042
id21296,0.0794,0.878,0.0427
id13262,0.1228,0.3972,0.4801
id10333,0.9707,0.0064,0.0229
id16677,0.2355,0.3691,0.3954
id01392,0.2667,0.0067,0.7266
id27874,0.9078,0.0666,0.0256
id02294,0.0014,0.9973,0.0014
id18298,0.015,0.0652,0.9198
id06997,0.9935,0.0056,0.0009
id05243,0.0953,0.3737,0.531
id00860,0.2535,0.489,0.2575
id26681,0.9982,0.0018,0.0001
id06020,0.0035,0.0,0.9965
id27683,0.9694,0.0126,0.018
id17655,0.0131,0.98,0.0069
id08817,0.0108,0.042,0.9473
id11512,0.0049,0.0025,0.9926
id00478,0.0223,0.0059,0.9718
id02116,0.9045,0.0644,0.0311
id06746,0.8615,0.128,0.0105
id03863,0.1534,0.8166,0.03
id01802,0.2205,0.5632,0.2163
id11682,0.8882,0.0077,0.1041
id04033,0.0099,0.9714,0.0187
id09286,0.2638,0.2467,0.4895
id12904,0.9999,0.0001,0.0
id07420,0.0023,0.0011,0.9967
id22398,0.0009,0.9916,0.0076
id00424,0.246,0.0242,0.7298
id20960,0.9915,0.0068,0.0017
id10267,0.2794,0.3098,0.4108
id19330,0.3827,0.0101,0.6072
id00994,0.0011,0.9963,0.0026
id10785,0.9257,0.0287,0.0456
id00955,0.0398,0.9426,0.0176
id09757,0.0354,0.9611,0.0035
id10030,0.0585,0.3862,0.5553
id22952,0.0574,0.4035,0.5391
id21955,0.0001,0.0016,0.9982
id07674,0.8879,0.0185,0.0936
id13760,0.0031,0.9942,0.0027
id18166,0.9511,0.0151,0.0338
id23498,0.996,0.0036,0.0005
id05296,0.9984,0.0002,0.0015
id26709,0.9904,0.0054,0.0042
id02853,0.9917,0.0064,0.0019
id06800,0.2527,0.2804,0.4669
id14758,0.5576,0.425,0.0174
id12356,0.9968,0.0018,0.0014
id21492,0.9834,0.0107,0.0059
id27540,0.6687,0.0004,0.3309
id07376,0.2405,0.0774,0.6821
id15201,0.1163,0.8499,0.0338
id23388,0.0187,0.9352,0.046
id13923,0.1407,0.7892,0.0701
id00794,0.0088,0.9811,0.0101
id23910,0.0793,0.0714,0.8493
id02556,0.0174,0.0241,0.9586
id22151,0.0718,0.9275,0.0008
id11698,0.0012,0.9959,0.0029
id11627,0.3132,0.0149,0.6718
id06340,0.9999,0.0,0.0
id05123,0.9753,0.0092,0.0155
id26620,0.0194,0.0037,0.9769
id04002,0.0725,0.0387,0.8888
id26554,0.2167,0.0825,0.7008
id18012,0.5086,0.067,0.4244
id12964,0.1542,0.0141,0.8317
id18965,0.0435,0.5844,0.3722
id19082,0.0878,0.0227,0.8895
id26742,0.0236,0.0007,0.9757
id15442,0.0525,0.9018,0.0457
id16647,0.4587,0.2321,0.3092
id11544,0.0392,0.0189,0.9419
id20581,0.502,0.0161,0.4818
id13192,0.1578,0.7662,0.0761
id15814,0.0334,0.0122,0.9545
id26279,0.0395,0.9579,0.0026
id00240,0.9756,0.0126,0.0118
id22836,0.9981,0.0002,0.0017
id15085,0.0066,0.5222,0.4712
id17495,0.465,0.0024,0.5326
id26762,0.5165,0.0246,0.4588
id13685,0.9998,0.0,0.0002
id16560,0.0038,0.9949,0.0013
id17184,0.0022,0.9964,0.0014
id21635,0.9918,0.0023,0.0059
id26751,0.3238,0.4046,0.2716
id12351,0.9814,0.0043,0.0142
id14872,0.1416,0.7394,0.119
id18372,0.9795,0.0112,0.0093
id26851,0.8872,0.091,0.0218
id22659,0.6174,0.3807,0.0018
id04102,0.0113,0.0003,0.9883
id02353,0.0314,0.9606,0.008
id26721,0.9982,0.0016,0.0002
id11171,0.9132,0.0146,0.0722
id13562,0.5125,0.4576,0.0299
id26425,0.6651,0.0818,0.2532
id26394,0.5706,0.106,0.3233
id22187,0.1777,0.7369,0.0854
id00422,0.9995,0.0003,0.0002
id22667,0.0116,0.9884,0.0001
id00911,0.9133,0.0101,0.0766
id17291,0.2648,0.0133,0.7219
id01915,0.0219,0.0297,0.9484
id01434,0.0494,0.0132,0.9374
id01584,0.7466,0.0057,0.2477
id09266,0.9883,0.0035,0.0082
id17494,0.0007,0.9987,0.0007
id24919,0.0545,0.0735,0.8721
id21043,0.0639,0.0006,0.9355
id17796,0.0101,0.9895,0.0004
id02166,0.8185,0.0245,0.157
id17503,0.5873,0.0048,0.4079
id21203,0.1599,0.0927,0.7474
id25626,0.9991,0.0001,0.0008
id09836,0.9953,0.0016,0.003
id24202,0.0045,0.0068,0.9887
id27260,0.9264,0.0252,0.0484
id23167,0.0033,0.0015,0.9952
id10393,0.0035,0.995,0.0015
id01171,0.9268,0.069,0.0042
id06380,0.97,0.0058,0.0242
id22686,0.0369,0.0008,0.9622
id26250,0.0874,0.0328,0.8797
id09315,0.5507,0.3544,0.095
id00886,0.0954,0.8759,0.0287
id03101,0.8764,0.0078,0.1159
id12367,0.5471,0.0368,0.4161
id10770,0.9651,0.0084,0.0265
id14949,0.0017,0.9979,0.0004
id14141,0.364,0.6266,0.0094
id25417,0.5735,0.3177,0.1088
id26873,0.8612,0.0293,0.1094
id10818,0.5743,0.0173,0.4085
id15146,0.8328,0.0095,0.1578
id23328,0.9159,0.0384,0.0457
id16765,0.1582,0.1504,0.6914
id24383,0.9945,0.0005,0.005
id21304,0.9506,0.0384,0.011
id12551,0.0058,0.9925,0.0016
id23274,0.0125,0.0149,0.9726
id08117,0.9006,0.0151,0.0843
id23961,0.9835,0.0055,0.011
id13865,0.0081,0.9896,0.0023
id22807,0.0821,0.0062,0.9117
id08951,0.0305,0.0691,0.9005
id18684,0.9975,0.0019,0.0006
id25179,0.4634,0.3828,0.1538
id27033,0.9554,0.0014,0.0432
id13977,0.0451,0.902,0.0529
id19337,0.0029,0.9544,0.0427
id25764,0.0049,0.9945,0.0006
id16106,0.2977,0.0082,0.6941
id05468,0.0253,0.0011,0.9735
id05241,0.9462,0.0037,0.0501
id10215,0.6517,0.1569,0.1913
id23457,0.0017,0.0097,0.9885
id02200,0.999,0.0008,0.0003
id13714,0.0262,0.9682,0.0057
id20332,0.0,0.0,0.9999
id18573,0.1815,0.1032,0.7153
id08569,0.9997,0.0,0.0002
id22767,0.7002,0.2102,0.0896
id25390,0.1386,0.5066,0.3548
id09288,0.9737,0.0024,0.0239
id12381,0.9973,0.0023,0.0004
id02895,0.0149,0.0018,0.9834
id25270,0.0017,0.0001,0.9982
id14248,0.4294,0.0463,0.5244
id12831,0.9551,0.001,0.0439
id18305,0.7711,0.0121,0.2167
id07805,0.9842,0.0085,0.0073
id14027,0.1189,0.1536,0.7275
id02760,0.4938,0.1064,0.3998
id24362,0.9644,0.0158,0.0199
id17065,0.0137,0.9858,0.0005
id26583,0.0026,0.953,0.0445
id19664,0.9997,0.0002,0.0001
id25145,0.9505,0.0408,0.0087
id17858,0.0504,0.9454,0.0042
id05148,0.1103,0.3559,0.5338
id22928,0.9606,0.0224,0.0171
id21549,0.5269,0.0022,0.4709
id12649,0.1563,0.8287,0.0149
id21597,0.9944,0.0029,0.0027
id27945,0.977,0.0069,0.0161
id00243,0.9971,0.0002,0.0027
id02745,0.7999,0.0311,0.169
id23550,0.0193,0.0081,0.9725
id13023,0.3126,0.0006,0.6868
id24796,0.0136,0.0043,0.9821
id12284,0.0185,0.9743,0.0072
id02664,0.0,0.9976,0.0024
id23767,0.982,0.0139,0.0041
id05859,0.0033,0.7038,0.2929
id14350,0.5791,0.3912,0.0297
id01191,0.5589,0.2973,0.1438
id17034,0.0621,0.0419,0.8959
id25292,0.9394,0.056,0.0047
id22121,0.981,0.0017,0.0173
id20872,0.9988,0.0005,0.0007
id17720,0.0023,0.9953,0.0023
id22658,0.1906,0.802,0.0074
id09567,0.8395,0.1297,0.0308
id16445,0.9875,0.0026,0.0099
id08349,0.0423,0.0639,0.8937
id27437,0.0512,0.0344,0.9144
id03812,0.9972,0.0013,0.0015
id22304,0.5798,0.2434,0.1769
id04449,0.1444,0.8189,0.0366
id15605,0.1958,0.1286,0.6756
id01768,0.8296,0.0243,0.1461
id20019,0.4262,0.4496,0.1242
id09593,0.0203,0.9202,0.0595
id23179,0.8396,0.0193,0.1411
id21279,0.8192,0.0143,0.1665
id06711,0.2725,0.0026,0.7249
id14243,0.003,0.989,0.008
id04839,0.0014,0.0011,0.9975
id17220,0.0112,0.9658,0.023
id24177,0.5425,0.3489,0.1086
id20512,0.4016,0.0122,0.5862
id14036,0.0008,0.9992,0.0001
id25001,0.0258,0.0232,0.9511
id06175,0.0006,0.9977,0.0018
id24720,0.0762,0.8933,0.0305
id08070,0.9043,0.0774,0.0183
id18934,0.9938,0.0053,0.0009
id01338,0.9982,0.0005,0.0013
id19008,0.0013,0.9967,0.0021
id19632,0.1562,0.5394,0.3043
id26224,0.0001,0.0004,0.9995
id08219,0.9783,0.0053,0.0164
id24008,0.0028,0.0001,0.9972
id12475,0.2426,0.6412,0.1163
id05766,0.2763,0.4913,0.2324
id27386,0.0647,0.9299,0.0054
id12476,0.0009,0.9988,0.0002
id08311,0.9802,0.0099,0.0098
id04996,0.7052,0.2907,0.0041
id17350,0.7439,0.1253,0.1308
id05546,0.0093,0.9871,0.0036
id16504,0.0496,0.9325,0.0179
id05782,0.0,0.0001,0.9998
id20560,0.876,0.0927,0.0314
id14171,0.0171,0.0847,0.8982
id27461,0.7261,0.0159,0.258
id03581,0.0704,0.0192,0.9103
id21847,0.1434,0.033,0.8237
id11712,0.3332,0.4553,0.2115
id26738,0.0072,0.0088,0.9839
id13668,0.9944,0.005,0.0005
id15114,0.9894,0.0005,0.0102
id20130,0.2049,0.0896,0.7054
id18331,0.7117,0.0731,0.2151
id24465,0.9997,0.0003,0.0001
id13539,0.7858,0.2027,0.0114
id27564,0.0025,0.9823,0.0152
id26043,0.2816,0.0058,0.7126
id04965,0.0003,0.0009,0.9988
id08645,0.0024,0.0028,0.9948
id26610,0.6862,0.0411,0.2728
id21737,0.4853,0.4945,0.0202
id25784,0.0,0.9995,0.0005
id23030,0.9437,0.0297,0.0266
id16450,0.0238,0.9656,0.0106
id02161,0.254,0.0077,0.7383
id25535,0.997,0.0006,0.0023
id16566,0.9253,0.0081,0.0666
id05714,0.9818,0.011,0.0072
id16524,0.4272,0.4217,0.1511
id23941,0.0031,0.9962,0.0007
id00831,0.0014,0.021,0.9775
id18145,0.2003,0.2706,0.5291
id17227,0.9996,0.0002,0.0002
id09417,0.7859,0.0647,0.1495
id21307,0.7835,0.1781,0.0385
id05650,0.0002,0.9996,0.0002
id23901,0.8816,0.0466,0.0718
id05831,0.9978,0.0001,0.0021
id16708,0.1876,0.764,0.0485
id02281,0.0241,0.1314,0.8445
id11599,0.1906,0.1991,0.6103
id18353,0.0696,0.8707,0.0597
id07413,0.3071,0.6326,0.0602
id15653,0.0046,0.9941,0.0013
id09715,0.0056,0.0001,0.9943
id05108,0.4268,0.5534,0.0198
id09537,0.7955,0.021,0.1836
id27596,0.9654,0.0323,0.0023
id24255,0.166,0.0008,0.8332
id05080,0.0002,0.0001,0.9996
id09484,0.9831,0.0017,0.0152
id14864,0.0227,0.0009,0.9764
id26836,0.8894,0.0107,0.1
id07003,0.7631,0.114,0.1229
id13750,0.0,1.0,0.0
id21799,0.1566,0.2493,0.5941
id11285,1.0,0.0,0.0
id04735,0.9651,0.0182,0.0167
id23049,0.0003,0.0006,0.9991
id05826,0.0606,0.9283,0.0111
id17916,0.776,0.1428,0.0812
id14081,0.0734,0.0009,0.9257
id10527,0.1214,0.0032,0.8754
id16059,0.0369,0.8135,0.1496
id25542,0.9978,0.0019,0.0003
id05402,0.0056,0.0353,0.9591
id01927,0.9534,0.0206,0.026
id27656,0.2973,0.0199,0.6827
id06708,0.2492,0.3226,0.4282
id03524,0.669,0.272,0.059
id12297,0.8404,0.0301,0.1295
id03439,0.9986,0.0009,0.0005
id04587,0.0001,0.9998,0.0001
id25470,0.0099,0.9899,0.0002
id01212,0.1427,0.7999,0.0574
id13932,0.5069,0.4345,0.0586
id00124,0.0799,0.0026,0.9175
id01592,0.949,0.0059,0.0451
id13461,0.3961,0.5668,0.0372
id24681,0.0257,0.0303,0.9441
id23245,0.4946,0.0201,0.4853
id14073,0.3438,0.0817,0.5745
id05172,0.9898,0.0004,0.0098
id21979,0.9471,0.024,0.029
id00328,0.9509,0.0097,0.0394
id26102,0.8896,0.0634,0.0469
id14867,0.1393,0.0186,0.8421
id27544,0.3048,0.694,0.0012
id16228,0.9793,0.0035,0.0172
id16342,0.2457,0.7439,0.0104
id24933,0.9977,0.0001,0.0022
id04601,0.6717,0.0886,0.2397
id01599,0.013,0.9673,0.0197
id06238,0.8902,0.0816,0.0282
id06826,0.2399,0.5016,0.2585
id23307,0.965,0.0347,0.0003
id13575,0.9698,0.0239,0.0063
id24174,0.4761,0.0023,0.5215
id19534,0.0605,0.1326,0.8069
id19602,0.0606,0.001,0.9383
id26962,0.0041,0.9696,0.0263
id04448,0.1609,0.8345,0.0046
id09786,0.0855,0.8777,0.0368
id25240,0.0889,0.8369,0.0742
id14893,0.951,0.0479,0.0011
id24221,0.9987,0.001,0.0002
id04696,0.6455,0.0291,0.3254
id15153,0.0367,0.8479,0.1154
id13882,0.0002,0.9996,0.0002
id17836,0.1005,0.8255,0.074
id00574,0.0569,0.9248,0.0184
id02078,0.0179,0.363,0.6191
id21206,0.0108,0.9861,0.0031
id20084,0.8139,0.0032,0.1829
id26598,0.0184,0.0006,0.9809
id06838,0.0963,0.0012,0.9025
id08786,0.1892,0.0076,0.8032
id09550,0.0109,0.0026,0.9865
id10206,0.9792,0.0044,0.0165
id21113,0.8261,0.0233,0.1507
id21151,0.6543,0.3403,0.0054
id02692,0.9986,0.0003,0.0011
id26446,0.917,0.0281,0.0549
id07377,0.1404,0.8557,0.0039
id15998,0.6998,0.2527,0.0475
id19637,0.9662,0.0073,0.0265
id19735,0.152,0.6337,0.2142
id13739,0.1643,0.0119,0.8238
id25175,0.6757,0.2021,0.1222
id00563,0.1507,0.3581,0.4912
id09982,0.9725,0.0088,0.0188
id15459,0.0,1.0,0.0
id20785,0.0123,0.0015,0.9862
id07145,0.0026,0.0581,0.9393
id22204,0.0579,0.9185,0.0236
id09285,0.7318,0.008,0.2602
id18157,0.0028,0.0005,0.9967
id12134,0.0086,0.0083,0.9831
id23914,0.9965,0.0004,0.0031
id10483,0.9982,0.0012,0.0006
id07092,0.9685,0.0043,0.0272
id14786,0.0447,0.5381,0.4171
id25741,0.9893,0.0006,0.0101
id09050,0.1042,0.893,0.0028
id04938,0.9927,0.0008,0.0065
id05901,0.184,0.1088,0.7073
id16975,0.0013,0.9981,0.0006
id08547,0.0008,0.0004,0.9988
id16355,0.7773,0.0031,0.2196
id14568,0.7022,0.0012,0.2966
id25599,0.1583,0.514,0.3277
id01670,0.1541,0.8427,0.0032
id23945,0.0095,0.9901,0.0004
id17394,0.0051,0.0002,0.9947
id06501,0.1159,0.8041,0.0801
id26234,0.4088,0.5756,0.0157
id21280,0.0158,0.0009,0.9833
id20048,0.0329,0.048,0.9191
id01216,0.3355,0.6099,0.0546
id25320,0.9363,0.0116,0.0521
id22833,0.109,0.1006,0.7904
id22056,0.4641,0.4718,0.0641
id02275,0.0199,0.9606,0.0195
id26127,0.4676,0.0064,0.5259
id17011,0.0278,0.9671,0.0051
id13847,0.8905,0.0118,0.0977
id00013,0.0149,0.9787,0.0065
id16463,0.8576,0.0137,0.1288
id04845,0.0735,0.8609,0.0655
id01787,0.0083,0.0281,0.9636
id08637,0.9844,0.0124,0.0032
id11414,0.0007,0.0001,0.9991
id13177,0.0221,0.4776,0.5003
id24517,0.9817,0.0073,0.011
id26838,0.8691,0.0249,0.106
id23081,0.0042,0.9937,0.0021
id16327,0.0236,0.8768,0.0995
id27282,0.0056,0.9931,0.0013
id07489,0.482,0.0093,0.5088
id01718,0.0014,0.0002,0.9985
id15441,0.8934,0.0132,0.0934
id27736,0.0533,0.6199,0.3268
id16324,0.0109,0.1351,0.854
id12027,0.218,0.0527,0.7293
id24653,0.0684,0.9313,0.0003
id17541,0.0333,0.0168,0.9499
id22406,0.1004,0.712,0.1876
id18356,0.653,0.1621,0.1849
id04505,0.7075,0.0401,0.2524
id04246,0.3531,0.2885,0.3584
id07368,0.4752,0.2048,0.3199
id26185,0.004,0.0018,0.9942
id08878,0.2629,0.2212,0.5159
id27691,0.0003,0.0,0.9997
id18004,0.4736,0.2845,0.2418
id24426,0.7989,0.0799,0.1213
id14164,0.9824,0.0161,0.0015
id12653,0.0024,0.9856,0.0119
id18060,0.2554,0.1455,0.5992
id18556,0.3479,0.172,0.4802
id27371,0.1317,0.2313,0.6369
id11989,0.0354,0.9402,0.0244
id26095,0.9912,0.0018,0.007
id24978,0.0569,0.0216,0.9215
id20322,0.3955,0.1324,0.4721
id01954,0.9965,0.0032,0.0003
id07434,0.0859,0.376,0.5381
id18144,0.0007,0.0002,0.9992
id16250,0.0315,0.9244,0.0442
id17793,0.0053,0.0049,0.9898
id24067,0.1935,0.0644,0.7421
id13891,0.0409,0.0004,0.9588
id07334,0.0334,0.9355,0.031
id15633,0.0003,0.9989,0.0008
id23239,0.9695,0.0099,0.0206
id10674,0.094,0.0364,0.8697
id22093,0.6886,0.2162,0.0953
id08444,0.3183,0.4852,0.1966
id03257,0.0491,0.0213,0.9296
id10040,0.3251,0.6656,0.0093
id04902,0.0006,0.0001,0.9994
id01219,0.9496,0.0308,0.0196
id01340,0.9793,0.0062,0.0145
id05117,0.055,0.9299,0.0152
id04908,0.0286,0.0067,0.9647
id03626,0.017,0.0001,0.9828
id01888,0.9881,0.0102,0.0018
id17199,0.0296,0.0024,0.968
id11200,0.9278,0.0642,0.0081
id27561,0.2771,0.0077,0.7152
id20966,0.0022,0.9961,0.0017
id10257,0.0413,0.9435,0.0152
id21168,0.0168,0.7061,0.2771
id23363,0.001,0.0005,0.9985
id05321,0.9286,0.0653,0.0061
id09928,0.0233,0.0025,0.9742
id18015,0.9993,0.0006,0.0002
id02082,0.1177,0.8779,0.0045
id19279,0.8993,0.0604,0.0403
id08541,0.2546,0.4847,0.2607
id15249,0.0077,0.9633,0.0291
id03609,0.0895,0.8612,0.0493
id22902,0.0114,0.0013,0.9872
id17733,0.9978,0.002,0.0002
id07554,0.0352,0.0207,0.9441
id14120,0.9516,0.014,0.0344
id21802,0.077,0.9087,0.0143
id15614,0.0061,0.9934,0.0005
id19437,0.0004,0.0,0.9996
id22698,0.9709,0.0068,0.0223
id21841,0.0031,0.9786,0.0183
id16177,0.8084,0.1049,0.0867
id15887,0.0541,0.006,0.9398
id22629,0.7951,0.1428,0.062
id10346,0.9242,0.0048,0.071
id05154,0.9628,0.0067,0.0304
id22913,0.8462,0.1342,0.0196
id10544,0.1315,0.4922,0.3762
id08703,0.1525,0.8401,0.0074
id12817,0.135,0.0045,0.8605
id25433,0.9545,0.015,0.0306
id25112,0.071,0.001,0.928
id05054,0.0431,0.8872,0.0697
id02311,0.045,0.9503,0.0048
id22160,0.0185,0.9447,0.0368
id17422,0.9991,0.0003,0.0006
id18985,0.6595,0.1182,0.2224
id21905,0.0058,0.0018,0.9924
id17474,0.9995,0.0002,0.0003
id15236,0.0015,0.9969,0.0016
id13964,0.9383,0.0113,0.0504
id15962,0.0011,0.9984,0.0005
id20866,0.0037,0.0268,0.9695
id06625,0.2492,0.4466,0.3042
id09793,0.1905,0.0063,0.8032
id17365,0.0043,0.9935,0.0022
id18463,0.0286,0.9351,0.0363
id20693,0.0829,0.5575,0.3596
id08785,0.0032,0.9958,0.0011
id06783,0.014,0.9772,0.0088
id23178,0.0151,0.0027,0.9822
id13513,0.0141,0.9792,0.0066
id25361,0.0025,0.0022,0.9954
id22319,0.1881,0.1998,0.6122
id14024,0.203,0.0422,0.7548
id24186,0.0469,0.95,0.0031
id20965,0.8669,0.0226,0.1105
id06242,0.2116,0.0692,0.7192
id25665,0.0649,0.0881,0.847
id09706,0.5004,0.0644,0.4352
id11026,0.0,0.9998,0.0001
id04223,0.9767,0.01,0.0133
id19674,0.0018,0.9874,0.0108
id23420,0.0589,0.2732,0.6679
id18059,0.0142,0.9549,0.0309
id22576,0.8581,0.0951,0.0468
id18495,0.001,0.9952,0.0038
id14139,0.9804,0.0127,0.0069
id18313,0.0244,0.9692,0.0064
id27356,0.9692,0.0132,0.0176
id16035,0.1075,0.0013,0.8913
id04182,0.4184,0.1463,0.4353
id15667,0.9608,0.0264,0.0128
id08713,0.9897,0.0076,0.0027
id25563,0.0015,0.9919,0.0066
id17023,0.9984,0.0002,0.0015
id03014,0.0,0.9998,0.0002
id23812,0.0048,0.995,0.0002
id20057,0.0654,0.774,0.1606
id12385,0.876,0.1098,0.0142
id24416,0.3389,0.6557,0.0054
id15672,0.0658,0.7795,0.1548
id13868,0.9871,0.0118,0.001
id21095,0.2398,0.0705,0.6897
id05305,0.1265,0.7844,0.0892
id15384,0.0302,0.1007,0.8691
id14049,0.0385,0.0014,0.9601
id23441,0.8257,0.1579,0.0163
id12856,0.0064,0.0003,0.9933
id16055,0.0012,0.0003,0.9985
id24771,0.1718,0.5986,0.2296
id14053,0.2826,0.0827,0.6348
id19547,0.0195,0.0303,0.9503
id03639,0.3503,0.6425,0.0071
id14546,0.2009,0.7617,0.0375
id13935,0.4963,0.0052,0.4985
id20335,0.0413,0.8848,0.0739
id07301,0.0476,0.0095,0.9429
id10186,0.9621,0.001,0.037
id00192,0.626,0.0436,0.3304
id17851,0.9729,0.0231,0.0039
id08403,0.2815,0.6915,0.027
id06183,0.5862,0.0944,0.3194
id24738,0.0234,0.8772,0.0994
id15112,0.681,0.0086,0.3104
id19819,0.0095,0.0038,0.9868
id17722,0.0056,0.0216,0.9728
id24273,0.0718,0.5666,0.3616
id18939,0.0021,0.0001,0.9978
id16076,0.481,0.4837,0.0353
id23158,0.1143,0.0186,0.8671
id12745,0.9017,0.0104,0.0879
id22538,0.2595,0.5396,0.2009
id14975,0.131,0.8661,0.0029
id27537,0.9337,0.0423,0.024
id06632,0.3083,0.0081,0.6836
id08100,0.0641,0.9334,0.0025
id00843,0.9965,0.0003,0.0032
id22159,0.0461,0.0008,0.9531
id18672,0.7007,0.0035,0.2958
id06916,0.0681,0.8905,0.0413
id22212,0.8792,0.0705,0.0502
id00273,0.045,0.0594,0.8957
id26325,0.3373,0.5745,0.0882
id23683,0.0584,0.9375,0.0041
id14419,0.0434,0.9497,0.0069
id11931,0.0,0.9999,0.0001
id00568,0.2311,0.7574,0.0115
id12271,0.9319,0.0455,0.0226
id12622,0.9741,0.0239,0.002
id03156,0.1534,0.4882,0.3584
id25592,0.8724,0.1087,0.0189
id24367,0.9999,0.0001,0.0001
id16007,0.0105,0.0182,0.9713
id04785,0.445,0.0583,0.4967
id07888,0.0082,0.0054,0.9864
id13557,0.176,0.8058,0.0182
id20726,0.9631,0.0152,0.0216
id09580,0.992,0.0042,0.0039
id05173,0.0065,0.9929,0.0006
id10394,0.0188,0.977,0.0042
id03926,0.3553,0.6232,0.0216
id07264,0.9482,0.0177,0.034
id01862,0.0166,0.8597,0.1237
id20808,0.1336,0.8568,0.0096
id26658,0.318,0.3117,0.3703
id04479,0.1268,0.0973,0.7759
id17445,0.0127,0.9579,0.0294
id04430,0.0126,0.9614,0.026
id06052,0.0417,0.0077,0.9506
id11485,0.1665,0.0369,0.7965
id13060,0.3068,0.0624,0.6308
id20873,0.6418,0.063,0.2952
id21927,0.0748,0.9214,0.0038
id02736,0.5835,0.0092,0.4074
id11234,0.0077,0.0049,0.9874
id27894,0.9917,0.0001,0.0082
id23208,0.2047,0.3591,0.4362
id18470,0.3701,0.3874,0.2425
id23172,0.018,0.9773,0.0047
id08752,0.6246,0.0202,0.3551
id14242,0.2024,0.0127,0.7848
id22908,0.7271,0.0029,0.27
id17454,0.0607,0.1072,0.8321
id23797,0.877,0.0391,0.084
id03788,0.9544,0.0278,0.0178
id23682,0.0638,0.0636,0.8727
id07179,0.9273,0.0673,0.0054
id09746,0.0361,0.9618,0.0021
id26613,0.0752,0.148,0.7768
id05142,0.9975,0.0024,0.0001
id04825,0.0007,0.9981,0.0012
id13691,0.4514,0.0716,0.477
id14183,0.0018,0.0001,0.9981
id19519,0.0314,0.0014,0.9672
id26685,0.5059,0.0058,0.4883
id07937,0.1852,0.0633,0.7515
id10574,0.0015,0.9982,0.0002
id15310,0.001,0.9905,0.0085
id27311,0.0,0.0,0.9999
id11590,0.8983,0.042,0.0597
id19798,0.0075,0.9475,0.045
id12201,0.9646,0.0233,0.0121
id12460,0.2631,0.0177,0.7192
id12019,0.9022,0.0552,0.0426
id08046,0.059,0.0533,0.8877
id02989,0.0195,0.3641,0.6164
id26905,0.0167,0.0302,0.9531
id09779,0.9999,0.0,0.0001
id04359,0.5236,0.2232,0.2532
id01526,0.9992,0.0002,0.0006
id22325,0.0562,0.7567,0.1871
id27878,0.1579,0.2966,0.5455
id06413,0.038,0.9555,0.0066
id12616,0.0843,0.8743,0.0414
id05301,0.9663,0.0063,0.0274
id13258,0.0179,0.0087,0.9734
id08789,0.0025,0.9894,0.0081
id11776,0.0118,0.9776,0.0106
id21899,0.5705,0.4229,0.0065
id18108,0.1663,0.0477,0.7861
id23585,0.6871,0.1628,0.1501
id22122,0.0243,0.0004,0.9753
id22855,0.6823,0.1565,0.1612
id19551,0.874,0.003,0.123
id18535,0.0005,0.9732,0.0264
id15115,0.2168,0.0093,0.7739
id00678,0.9998,0.0001,0.0001
id21876,0.1972,0.4494,0.3534
id01553,0.206,0.0237,0.7703
id09456,0.9559,0.031,0.0131
id01455,0.0435,0.7075,0.249
id02454,0.0026,0.9971,0.0004
id07911,0.3295,0.0031,0.6674
id13383,0.9564,0.0119,0.0316
id19953,0.546,0.0116,0.4424
id10316,0.7859,0.082,0.1321
id01991,0.6423,0.0275,0.3302
id19176,0.996,0.0025,0.0014
id06744,0.1368,0.0686,0.7947
id09999,0.0526,0.009,0.9384
id11253,0.064,0.0096,0.9264
id15089,0.0093,0.9779,0.0128
id16821,0.046,0.0042,0.9498
id08256,0.9997,0.0,0.0003
id14844,0.3437,0.1249,0.5314
id25950,0.003,0.9926,0.0044
id11961,0.0004,0.9892,0.0104
id00092,0.0033,0.0015,0.9952
id13083,0.0387,0.377,0.5843
id25825,0.3323,0.3977,0.27
id03045,0.005,0.0093,0.9857
id19037,0.5091,0.1805,0.3104
id24357,0.0844,0.0143,0.9013
id24449,0.0589,0.6611,0.28
id22847,0.0007,0.9974,0.0019
id27720,0.9969,0.0021,0.001
id11619,0.1645,0.6895,0.146
id03129,0.9259,0.0088,0.0653
id04264,0.0037,0.9959,0.0004
id19748,0.1384,0.0261,0.8355
id20851,0.0029,0.002,0.9951
id13277,0.9965,0.0027,0.0007
id06419,0.016,0.9835,0.0005
id00581,0.9306,0.0533,0.016
id08765,0.5986,0.0028,0.3987
id13492,0.0584,0.8917,0.05
id12049,0.1732,0.8134,0.0134
id12700,0.9682,0.0256,0.0061
id07697,0.9986,0.0004,0.0009
id00262,0.0001,0.9999,0.0
id20969,0.103,0.607,0.2899
id18465,0.0008,0.0007,0.9985
id10027,0.0002,0.9985,0.0013
id03007,0.0193,0.9331,0.0476
id23465,0.0109,0.2436,0.7455
id09086,0.787,0.0695,0.1435
id08015,0.0345,0.8797,0.0858
id04285,0.4657,0.007,0.5273
id04356,0.0043,0.0005,0.9952
id03554,0.7786,0.1247,0.0966
id06922,0.945,0.0432,0.0118
id15733,0.0117,0.9858,0.0025
id24934,0.0386,0.0006,0.9608
id05529,0.9708,0.0039,0.0253
id00298,0.0499,0.719,0.2311
id08158,0.8886,0.0903,0.0211
id15135,0.5755,0.2191,0.2054
id06574,0.6672,0.2662,0.0666
id20017,0.0003,0.9994,0.0003
id14386,0.0242,0.0227,0.9531
id24226,0.5987,0.361,0.0404
id24212,0.6184,0.2508,0.1307
id14116,0.0008,0.0001,0.9991
id14500,0.0429,0.0003,0.9568
id22744,0.1704,0.039,0.7906
id16163,1.0,0.0,0.0
id17883,0.9757,0.0059,0.0184
id04631,0.0639,0.0608,0.8752
id26517,0.2365,0.116,0.6475
id12655,0.0792,0.7338,0.187
id01505,0.7433,0.1722,0.0845
id00104,0.0121,0.0078,0.9801
id20387,0.1204,0.8374,0.0421
id02843,0.0526,0.0164,0.9309
id04361,0.0621,0.013,0.9249
id26813,0.9988,0.0004,0.0008
id01466,0.0151,0.928,0.0569
id17090,0.127,0.6772,0.1958
id06691,0.1002,0.0054,0.8944
id09408,0.9758,0.0176,0.0066
id15285,0.9957,0.0028,0.0014
id16283,0.9991,0.0002,0.0007
id12607,0.9223,0.0102,0.0674
id25965,0.9085,0.0057,0.0859
id07268,0.0141,0.9797,0.0062
id13529,0.0011,0.0041,0.9947
id11969,0.0081,0.9694,0.0225
id20299,0.0002,0.9979,0.0019
id08770,0.0281,0.0078,0.964
id20730,0.5024,0.0255,0.4721
id06333,0.0002,0.9996,0.0002
id27451,0.9815,0.0009,0.0176
id12111,0.8314,0.0039,0.1647
id06609,0.3414,0.009,0.6497
id12299,0.9958,0.0018,0.0025
id23264,0.9714,0.0042,0.0244
id04222,0.2518,0.7034,0.0449
id17229,0.0236,0.9738,0.0026
id24365,0.0034,0.0033,0.9933
id18294,0.0066,0.9921,0.0012
id04493,0.916,0.0813,0.0027
id27575,0.9956,0.0025,0.002
id03801,0.8576,0.0021,0.1403
id11611,0.0023,0.0083,0.9893
id01632,0.1022,0.017,0.8807
id06510,0.6918,0.16,0.1482
id20431,0.4648,0.0986,0.4367
id23529,0.4151,0.5191,0.0658
id13951,0.0042,0.0577,0.9381
id00803,0.0472,0.9496,0.0032
id06737,0.9896,0.0023,0.008
id24288,0.9711,0.0182,0.0108
id08385,0.0309,0.9569,0.0122
id22859,0.0007,0.9991,0.0001
id22234,0.5938,0.0981,0.3081
id10365,0.0001,0.9999,0.0
id00865,0.0083,0.0112,0.9805
id19405,0.0035,0.0011,0.9954
id11246,0.0359,0.0009,0.9632
id19587,0.0002,0.0036,0.9962
id24614,0.0912,0.8838,0.0251
id23623,0.9985,0.0011,0.0004
id15271,0.2408,0.0042,0.755
id20478,0.1775,0.0005,0.822
id25277,0.6203,0.0046,0.375
id22004,0.9529,0.0077,0.0393
id16728,0.0001,0.9998,0.0001
id06907,0.6711,0.1188,0.2101
id11895,0.0002,0.9997,0.0001
id13802,0.1461,0.6378,0.216
id18459,0.0828,0.8965,0.0207
id21371,0.9801,0.0129,0.007
id11408,0.1335,0.8599,0.0067
id05442,0.5867,0.395,0.0183
id21499,0.0682,0.2078,0.7241
id18066,0.1188,0.5021,0.379
id23617,0.1784,0.0065,0.8151
id07725,0.0196,0.0421,0.9383
id24627,0.6835,0.0599,0.2566
id19108,0.9889,0.0095,0.0016
id11800,0.0024,0.0015,0.9961
id14588,0.9361,0.0198,0.0441
id27474,0.966,0.0302,0.0038
id07924,0.9811,0.002,0.0169
id10772,0.9994,0.0002,0.0004
id19235,0.2533,0.1939,0.5528
id13647,0.5364,0.3227,0.1409
id08673,0.9429,0.0138,0.0433
id24850,0.0022,0.9942,0.0036
id11764,0.8935,0.0059,0.1006
id05197,0.0125,0.9853,0.0022
id23600,0.1577,0.0032,0.8391
id14699,0.0102,0.9826,0.0071
id26801,0.6887,0.2286,0.0827
id25664,0.8953,0.1041,0.0006
id07809,0.9923,0.0057,0.0021
id13081,0.0018,0.0063,0.9919
id11381,0.1307,0.0247,0.8446
id14721,0.1591,0.6152,0.2257
id07800,0.951,0.0076,0.0414
id13883,0.1949,0.476,0.3291
id04488,0.598,0.1617,0.2403
id03530,0.1784,0.6196,0.202
id15823,0.0089,0.0005,0.9906
id11701,0.1256,0.0032,0.8712
id07806,0.0005,0.9969,0.0027
id19036,0.0026,0.9914,0.0059
id20765,0.8746,0.0535,0.0719
id26691,0.3187,0.2031,0.4782
id02642,0.0035,0.0088,0.9877
id06475,0.7872,0.1647,0.0481
id19019,0.9749,0.0086,0.0164
id14616,0.002,0.0022,0.9958
id08537,0.9951,0.0044,0.0005
id19126,0.0396,0.0058,0.9546
id01774,0.004,0.001,0.995
id08623,0.6993,0.1403,0.1604
id17150,0.0012,0.0001,0.9987
id06325,0.0441,0.01,0.9458
id23161,0.0274,0.0048,0.9678
id09876,0.0218,0.0019,0.9763
id01551,0.9104,0.061,0.0286
id12334,0.0004,0.9995,0.0001
id03577,0.2894,0.0151,0.6955
id20706,0.9986,0.0007,0.0007
id23704,0.0011,0.9919,0.007
id10029,0.0002,0.9959,0.0039
id19600,0.0002,0.9992,0.0005
id22367,0.1136,0.8849,0.0015
id12262,0.9795,0.0106,0.0099
id09698,0.0551,0.9178,0.0271
id10919,0.9883,0.0027,0.009
id12508,0.0366,0.853,0.1103
id16206,0.8967,0.0034,0.0999
id25927,0.0003,0.0067,0.993
id23189,0.0373,0.9622,0.0005
id00406,0.1316,0.7836,0.0848
id01257,0.0231,0.9226,0.0543
id15147,0.9995,0.0,0.0004
id24692,0.9719,0.0141,0.014
id02919,0.1994,0.7986,0.0021
id00339,0.0787,0.8225,0.0988
id20981,0.1306,0.8419,0.0276
id00658,0.849,0.0001,0.1509
id02255,0.2131,0.0382,0.7487
id13282,0.8873,0.0499,0.0628
id13189,0.4926,0.0711,0.4364
id07267,0.9998,0.0001,0.0001
id05272,0.4663,0.0652,0.4686
id22653,0.5646,0.0651,0.3702
id06894,0.2385,0.0109,0.7506
id21657,0.1073,0.8881,0.0047
id00430,0.3538,0.346,0.3002
id21655,0.129,0.5768,0.2942
id04764,0.8129,0.0195,0.1676
id08665,0.0019,0.0008,0.9973
id20985,0.0048,0.0004,0.9948
id08095,0.2604,0.6281,0.1115
id12015,0.983,0.0169,0.0002
id13210,0.3525,0.3752,0.2722
id24937,0.3583,0.3801,0.2616
id03675,0.0003,0.9968,0.0028
id26951,0.9831,0.0074,0.0095
id06104,0.0034,0.0005,0.9961
id20105,0.0327,0.9605,0.0067
id20441,0.0033,0.0007,0.9961
id05660,0.9948,0.0025,0.0027
id04078,0.0068,0.0077,0.9855
id26101,0.0184,0.0012,0.9805
id10144,0.0002,0.9993,0.0005
id15096,0.0021,0.0006,0.9972
id11903,0.2975,0.1597,0.5428
id24093,0.0054,0.0026,0.992
id06388,0.1493,0.0584,0.7923
id01203,0.9044,0.0718,0.0238
id18448,0.9965,0.0007,0.0029
id10382,0.1851,0.4855,0.3294
id25109,0.094,0.0831,0.823
id15526,0.0983,0.0006,0.9011
id09411,0.916,0.0131,0.071
id03937,0.0242,0.0038,0.972
id09740,0.003,0.0011,0.996
id11584,0.0703,0.153,0.7767
id06135,0.9597,0.0052,0.0351
id22666,0.9773,0.0213,0.0014
id03104,1.0,0.0,0.0
id21763,0.4046,0.3802,0.2152
id26344,0.0434,0.0089,0.9477
id11819,0.4442,0.4191,0.1367
id20309,0.0358,0.9515,0.0127
id12751,0.8811,0.0274,0.0915
id16205,0.0694,0.0971,0.8334
id07347,0.0537,0.007,0.9393
id20347,0.0104,0.9755,0.0141
id05696,0.0572,0.0013,0.9414
id04648,0.0356,0.8723,0.092
id19654,0.4441,0.4384,0.1175
id03991,0.0396,0.0494,0.911
id05523,0.0525,0.4631,0.4844
id27445,0.9991,0.0007,0.0003
id27516,0.0003,0.9997,0.0
id13992,0.0009,0.0,0.9991
id02429,0.0009,0.0001,0.999
id01682,0.0035,0.9911,0.0055
id20561,0.9474,0.0124,0.0402
id26906,0.9855,0.0004,0.0141
id01724,0.6028,0.0311,0.3661
id25283,0.2173,0.0375,0.7451
id06926,0.9806,0.0148,0.0046
id13887,0.984,0.0157,0.0004
id07530,0.8968,0.0553,0.048
id13460,0.9985,0.0014,0.0001
id14695,0.0163,0.9814,0.0024
id08133,0.8029,0.0182,0.1789
id06364,0.0324,0.0026,0.965
id22368,0.0269,0.9725,0.0006
id04855,0.0057,0.9684,0.0259
id14016,0.2671,0.0331,0.6999
id25801,0.0173,0.9747,0.008
